6	36	2	1000000.000000	0.500000
#en_sp_dens	en_g_dens	ene_density	susceptib	G_pm_tilde	mu2

-7967012.5180681450292	8.7938888888889	-7967003.7241792557761	17.5681473266262	0.0329522669102	0.4880040924063
-7967012.5180681450292	8.7938888888889	-7967003.7241792557761	17.6105164446952	0.0276581888357	0.4891810123526
-7967012.5180681496859	8.7938888888889	-7967003.7241792604327	17.5751077980749	0.0123845203868	0.4881974388354
-7967064.9071242958307	8.7938888888889	-7967056.1132354065776	17.5921622206370	0.0314313444346	0.4886711727955
-7967064.9071242958307	8.7938888888889	-7967056.1132354065776	17.6427323077861	0.0249424143397	0.4900758974385
-7967064.9071242921054	8.7938888888889	-7967056.1132354028523	17.5988302638283	0.0088939425112	0.4888563962175
-7967318.5980289475992	8.7938888888889	-7967309.8041400583461	17.6011660846418	0.0220511141476	0.4889212801289
-7967318.5980289475992	8.7938888888889	-7967309.8041400583461	17.6366989512118	0.0298719577731	0.4899083042003
-7967359.7738684434444	8.7938888888889	-7967350.9799795541912	17.5922872998246	0.0044763191513	0.4886746472173
-7967448.5941214822233	8.7938888888889	-7967439.8002325929701	17.5929472048967	0.0172262228628	0.4886929779138
-7967448.5941214822233	8.7938888888889	-7967439.8002325929701	17.6571736192252	0.0222096001950	0.4904770449785
-7967448.5941214840859	8.7938888888889	-7967439.8002325948328	17.5751161534627	0.0078055677946	0.4881976709295
-7967448.5941214840859	8.7938888888889	-7967439.8002325948328	17.5526100378449	0.0195347895321	0.4875725010512
-7967448.5941214822233	8.7938888888889	-7967439.8002325929701	17.6556993959274	0.0175166436547	0.4904360943313
-7967448.5941214775667	8.7938888888889	-7967439.8002325883135	17.5855167230055	0.0029993541357	0.4884865756390
-7967510.2878830619156	8.8201388888889	-7967501.4677441734821	17.5412630376780	0.0190928163189	0.4872573066022
-7967553.0535529209301	8.7938888888889	-7967544.2596640316769	17.6082641736656	0.0171006468508	0.4891184492685
-7967553.0535529218614	8.7938888888889	-7967544.2596640326083	17.5829504826904	0.0018299741984	0.4884152911858
-7967553.0535529172048	8.7938888888889	-7967544.2596640279517	17.5811988735531	0.0090988704074	0.4883666353765
-7967576.2185592036694	8.7938888888889	-7967567.4246703144163	17.5580567674190	0.0286596352332	0.4877237990950
-7967576.2185592036694	8.7938888888889	-7967567.4246703144163	17.5917262556693	0.0099031340493	0.4886590626575
-7967576.2185592008755	8.7938888888889	-7967567.4246703116223	17.6267179673889	0.0033780959631	0.4896310546497
-7967734.5770645374432	8.7938888888889	-7967725.7831756481901	17.6070876713478	0.0217137917749	0.4890857686485
-7967734.5770645393059	8.7938888888889	-7967725.7831756500527	17.6098037985210	0.0114001252770	0.4891612166256
-7967734.5770645420998	8.7938888888889	-7967725.7831756528467	17.6088311826008	0.0021511975792	0.4891341995167
-7967734.5770645327866	8.7938888888889	-7967725.7831756435335	17.6231352095708	0.0133221071823	0.4895315335992
-7967734.5770645374432	8.7938888888889	-7967725.7831756481901	17.6292958763831	0.0121347748737	0.4897026632329
-7967734.5770645476878	8.7938888888889	-7967725.7831756584346	17.5932138000170	0.0011451569371	0.4887003833338
-7967734.5770645393059	8.7938888888889	-7967725.7831756500527	17.5959956206524	0.0135958244407	0.4887776561292
-7967734.5770645476878	8.7938888888889	-7967725.7831756584346	17.6339017268866	0.0173490779581	0.4898306035246
-7967734.5770645393059	8.7938888888889	-7967725.7831756500527	17.6150214827557	0.0006485360205	0.4893061522988
-7967734.5770645337179	8.7938888888889	-7967725.7831756444648	17.5928869645523	0.0112750908437	0.4886913045709
-7967734.5770645374432	8.7938888888889	-7967725.7831756481901	17.6135205160720	0.0207571215945	0.4892644587798
-7967760.0798618625849	8.7938888888889	-7967751.2859729733318	17.5886868089017	0.0063452187503	0.4885746335806
-7967760.0798618709669	8.7938888888889	-7967751.2859729817137	17.5839377021757	0.0023019450601	0.4884427139493
-7967760.0798618709669	8.7938888888889	-7967751.2859729817137	17.6166486225099	0.0139695905632	0.4893513506253
-7967760.0798618746921	8.7938888888889	-7967751.2859729854390	17.5274229818966	0.0069350873015	0.4868728606082
-7967760.0798618756235	8.7938888888889	-7967751.2859729863703	17.5792716122118	0.0024391062981	0.4883131003392
-7967976.9611968463287	8.7938888888889	-7967968.1673079570755	17.6639438859763	0.0084222745858	0.4906651079438
-7967976.9611968528479	8.7938888888889	-7967968.1673079635948	17.5540785770262	0.0049302804295	0.4876132938063
-7968109.1514071309939	8.7938888888889	-7968100.3575182417408	17.5883737596696	0.0045938596919	0.4885659377686
-7968109.1514071309939	8.7938888888889	-7968100.3575182417408	17.6889158380529	0.0109204039153	0.4913587732792
-7968109.1514071244746	8.7938888888889	-7968100.3575182352215	17.5870954722683	0.0056897034870	0.4885304297852
-7968158.5679992688820	8.8113888888889	-7968149.7566103795543	17.5960083730206	0.0015299148519	0.4887780103617
-7968237.3468984775245	8.8200000000000	-7968228.5268984772265	17.6511252645555	0.0098024635048	0.4903090351265
-7968237.3468984793872	8.8200000000000	-7968228.5268984790891	17.5994831653619	0.0130425100412	0.4888745323712
-7968237.3468984775245	8.8200000000000	-7968228.5268984772265	17.5924728096529	0.0054120687844	0.4886798002681
-7968237.3468984747306	8.8200000000000	-7968228.5268984744325	17.6333387746163	0.0064583847205	0.4898149659616
-7968237.3468984812498	8.8200000000000	-7968228.5268984809518	17.6125785459482	0.0096820926198	0.4892382929430
-7968237.3468984710053	8.8200000000000	-7968228.5268984707072	17.5848027728109	0.0044582032839	0.4884667436892
-7968237.3468984812498	8.8200000000000	-7968228.5268984809518	17.6399777261352	0.0076141461409	0.4899993812815
-7968237.3468984747306	8.8200000000000	-7968228.5268984744325	17.6186283996211	0.0120287792596	0.4894063444339
-7968237.3468984747306	8.8200000000000	-7968228.5268984744325	17.5590941556696	0.0034272585271	0.4877526154353
-7968237.3468984812498	8.8200000000000	-7968228.5268984809518	17.5866726300719	0.0061502639888	0.4885186841687
-7968237.3468984831125	8.8200000000000	-7968228.5268984828144	17.6145272856768	0.0229617096254	0.4892924246021
-7968237.3468984831125	8.8200000000000	-7968228.5268984828144	17.5634638567582	0.0079390974173	0.4878739960211
-7968237.3468984793872	8.8200000000000	-7968228.5268984790891	17.5544287370407	0.0026685575805	0.4876230204734
-7968237.3468984793872	8.8200000000000	-7968228.5268984790891	17.6181703116329	0.0225457461380	0.4893936197676
-7968237.3468984747306	8.8200000000000	-7968228.5268984744325	17.5928054995982	0.0218021015262	0.4886890416555
-7968237.3468984775245	8.8200000000000	-7968228.5268984772265	17.5635093590898	0.0017534180763	0.4878752599747
-7968237.3468984877691	8.8200000000000	-7968228.5268984874710	17.6509430177391	0.0161407528460	0.4903039727150
-7968237.3468984793872	8.8200000000000	-7968228.5268984790891	17.5999461201339	0.0203119493488	0.4888873922259
-7968261.1933578597382	8.8026388888889	-7968252.3907189704478	17.6063384841348	0.0039674733824	0.4890649578926
-7968302.1028650337830	8.8026388888889	-7968293.3002261444926	17.6661351177792	0.0159697872051	0.4907259754939
-7968592.9155795592815	8.7938888888889	-7968584.1216906700283	17.5878181505792	0.0195170351503	0.4885505041828
-7968720.9054871983826	8.7938888888889	-7968712.1115983091295	17.6186008617236	0.0059173971400	0.4894055794923
-7968720.9054871927947	8.7938888888889	-7968712.1115983035415	17.6619240550916	0.0197044093215	0.4906090015303
-7968720.9054871927947	8.7938888888889	-7968712.1115983035415	17.5872407615779	0.0289166287423	0.4885344655994
-7968787.7642810903490	8.7765277777778	-7968778.9877533130348	17.6020803971375	0.0133057682445	0.4889466776983
-7968787.7642810903490	8.7765277777778	-7968778.9877533130348	17.6529848876581	0.0102086529942	0.4903606913238
-7968793.6164362477139	8.7938888888889	-7968784.8225473584607	17.5985618967108	0.0308139807232	0.4888489415753
-7968793.6164362477139	8.7938888888889	-7968784.8225473584607	17.5677226820890	0.0329453960964	0.4879922967247
-7968793.6164362411946	8.7938888888889	-7968784.8225473519415	17.6345034160790	0.0042822842652	0.4898473171133
-7968820.3450431060046	8.7851388888889	-7968811.5599042167887	17.5893738084266	0.0322855654943	0.4885937169007
-7968820.3450430994853	8.7851388888889	-7968811.5599042102695	17.6054529061761	0.0275005379805	0.4890403585049
-7968820.3450431097299	8.7851388888889	-7968811.5599042205140	17.6499972220941	0.0107611199949	0.4902777006137
-7968868.1041585104540	8.7938888888889	-7968859.3102696212009	17.5959796689163	0.0321439607770	0.4887772130255
-7968868.1041585123166	8.7938888888889	-7968859.3102696230635	17.6031218603693	0.0250490403552	0.4889756072325
-7968868.1041585076600	8.7938888888889	-7968859.3102696184069	17.6584746254100	0.0112055362392	0.4905131840392
-7968868.1041585057974	8.7938888888889	-7968859.3102696165442	17.6201228862644	0.0404739142411	0.4894478579518
-7968868.1041585141793	8.7938888888889	-7968859.3102696249261	17.5817256276457	0.0311577324437	0.4883812674346
-7968868.1041585039347	8.7938888888889	-7968859.3102696146816	17.6410070809420	0.0098794215071	0.4900279744706
-7968868.1041585104540	8.7938888888889	-7968859.3102696212009	17.6482722829207	0.0365253220629	0.4902297856367
-7968868.1041585141793	8.7938888888889	-7968859.3102696249261	17.5827366943721	0.0424140206699	0.4884093526214
-7968868.1041585104540	8.7938888888889	-7968859.3102696212009	17.6085845294636	0.0210978351707	0.4891273480407
-7968868.1041585076600	8.7938888888889	-7968859.3102696184069	17.6738114410403	0.0341062855142	0.4909392066956
-7968868.1041585057974	8.7938888888889	-7968859.3102696165442	17.6101433787820	0.0298709926647	0.4891706494106
-7968868.1041585020721	8.7938888888889	-7968859.3102696128190	17.6137246178794	0.0209504094262	0.4892701282744
-7968973.6738329296932	8.8026388888889	-7968964.8711940404028	17.6259016557265	0.0577522116510	0.4896083793257
-7968973.6738329250365	8.8026388888889	-7968964.8711940357462	17.5963456550068	0.0343069695732	0.4887873793057
-7969085.9006861848757	8.8200000000000	-7969077.0806861845776	17.5967115747159	0.0200806816993	0.4887975437421
-7969085.9006861783564	8.8200000000000	-7969077.0806861780584	17.6254147225973	0.0519599758851	0.4895948534055
-7969085.9006861848757	8.8200000000000	-7969077.0806861845776	17.5561183750938	0.0581821541365	0.4876699548637
-7969085.9006861848757	8.8200000000000	-7969077.0806861845776	17.5931735882660	0.0260007433528	0.4886992663407
-7969085.9006861764938	8.8200000000000	-7969077.0806861761957	17.6407721996636	0.0297433140667	0.4900214499907
-7969085.9006861709058	8.8200000000000	-7969077.0806861706078	17.5917430452625	0.0639161551166	0.4886595290351
-7969085.9006861709058	8.8200000000000	-7969077.0806861706078	17.5695815827753	0.0573961778549	0.4880439328549
-7969085.9006861746311	8.8200000000000	-7969077.0806861743331	17.6637246038695	0.0120188704653	0.4906590167742
-7969131.9640166694298	8.8113888888889	-7969123.1526277801022	17.6284345870719	0.0570910058467	0.4896787385298
-7969356.6570845292881	8.8026388888889	-7969347.8544456399977	17.5940372324878	0.0651873751254	0.4887232564580
